100 100
9 2 5 2 9 5 5 5 2 5 9 2 5 2 9 5 5 5 2 5 9 2 5 2 9 5 5 5 2 5 9 2 5 2 9 5 5 5 2 5 9 2 5 2 9 5 5 5 2 5 5 9 2 5 2 9 5 5 5 2 5 9 2 5 2 9 5 5 5 2 5 9 2 5 2 9 5 5 5 2 5 9 2 5 2 9 5 5 5 2 5 9 2 5 2 9 5 5 5 2
5 9 2 5 2 9 5 5 5 2 5 9 2 5 2 9 5 5 5 2 5 9 2 5 2 9 5 5 5 2 5 9 2 5 2 9 5 5 5 2 5 9 2 5 2 9 5 5 5 2 5 9 2 5 2 9 5 5 5 2 5 9 2 5 2 9 5 5 5 2 5 9 2 5 2 9 5 5 5 2 5 9 2 5 2 9 5 5 5 2 5 9 2 5 2 9 5 5 5 2
2 5 2 9 5 5 5 2 5 9 2 5 2 9 5 5 5 2 5 9 2 5 2 9 5 5 5 2 5 9 2 5 2 9 5 5 5 2 5 9 2 5 2 9 5 5 5 2 3 4 2 5 2 9 5 5 5 2 5 9 2 5 2 9 5 5 5 2 5 9 2 5 2 9 5 5 5 2 5 9 2 5 2 9 5 5 5 2 5 9 2 5 2 9 5 5 5 2 3 4
9 2 5 2 9 5 5 5 2 5 9 2 5 2 9 5 5 5 2 5 9 2 5 2 9 5 5 5 2 5 9 2 5 2 9 5 5 5 2 5 9 2 5 2 9 5 5 5 2 5 5 9 2 5 2 9 5 5 5 2 5 9 2 5 2 9 5 5 5 2 5 9 2 5 2 9 5 5 5 2 5 9 2 5 2 9 5 5 5 2 5 9 2 5 2 9 5 5 5 2
5 9 2 5 2 9 5 5 5 2 5 9 2 5 2 9 5 5 5 2 5 9 2 5 2 9 5 5 5 2 5 9 2 5 2 9 5 5 5 2 5 9 2 5 2 9 5 5 5 2 5 9 2 5 2 9 5 5 5 2 5 9 2 5 2 9 5 5 5 2 5 9 2 5 2 9 5 5 5 2 5 9 2 5 2 9 5 5 5 2 5 9 2 5 2 9 5 5 5 2
2 5 2 9 5 5 5 2 5 9 2 5 2 9 5 5 5 2 5 9 2 5 2 9 5 5 5 2 5 9 2 5 2 9 5 5 5 2 5 9 2 5 2 9 5 5 5 2 3 4 2 5 2 9 5 5 5 2 5 9 2 5 2 9 5 5 5 2 5 9 2 5 2 9 5 5 5 2 5 9 2 5 2 9 5 5 5 2 5 9 2 5 2 9 5 5 5 2 3 4
9 2 5 2 9 5 5 5 2 5 9 2 5 2 9 5 5 5 2 5 9 2 5 2 9 5 5 5 2 5 9 2 5 2 9 5 5 5 2 5 9 2 5 2 9 5 5 5 2 5 5 9 2 5 2 9 5 5 5 2 5 9 2 5 2 9 5 5 5 2 5 9 2 5 2 9 5 5 5 2 5 9 2 5 2 9 5 5 5 2 5 9 2 5 2 9 5 5 5 2
5 9 2 5 2 9 5 5 5 2 5 9 2 5 2 9 5 5 5 2 5 9 2 5 2 9 5 5 5 2 5 9 2 5 2 9 5 5 5 2 5 9 2 5 2 9 5 5 5 2 5 9 2 5 2 9 5 5 5 2 5 9 2 5 2 9 5 5 5 2 5 9 2 5 2 9 5 5 5 2 5 9 2 5 2 9 5 5 5 2 5 9 2 5 2 9 5 5 5 2
2 5 2 9 5 5 5 2 5 9 2 5 2 9 5 5 5 2 5 9 2 5 2 9 5 5 5 2 5 9 2 5 2 9 5 5 5 2 5 9 2 5 2 9 5 5 5 2 3 4 2 5 2 9 5 5 5 2 5 9 2 5 2 9 5 5 5 2 5 9 2 5 2 9 5 5 5 2 5 9 2 5 2 9 5 5 5 2 5 9 2 5 2 9 5 5 5 2 3 4
9 2 5 2 9 5 5 5 2 5 9 2 5 2 9 5 5 5 2 5 9 2 5 2 9 5 5 5 2 5 9 2 5 2 9 5 5 5 2 5 9 2 5 2 9 5 5 5 2 5 5 9 2 5 2 9 5 5 5 2 5 9 2 5 2 9 5 5 5 2 5 9 2 5 2 9 5 5 5 2 5 9 2 5 2 9 5 5 5 2 5 9 2 5 2 9 5 5 5 2
5 9 2 5 2 9 5 5 5 2 5 9 2 5 2 9 5 5 5 2 5 9 2 5 2 9 5 5 5 2 5 9 2 5 2 9 5 5 5 2 5 9 2 5 2 9 5 5 5 2 5 9 2 5 2 9 5 5 5 2 5 9 2 5 2 9 5 5 5 2 5 9 2 5 2 9 5 5 5 2 5 9 2 5 2 9 5 5 5 2 5 9 2 5 2 9 5 5 5 2
2 5 2 9 5 5 5 2 5 9 2 5 2 9 5 5 5 2 5 9 2 5 2 9 5 5 5 2 5 9 2 5 2 9 5 5 5 2 5 9 2 5 2 9 5 5 5 2 3 4 2 5 2 9 5 5 5 2 5 9 2 5 2 9 5 5 5 2 5 9 2 5 2 9 5 5 5 2 5 9 2 5 2 9 5 5 5 2 5 9 2 5 2 9 5 5 5 2 3 4
9 2 5 2 9 5 5 5 2 5 9 2 5 2 9 5 5 5 2 5 9 2 5 2 9 5 5 5 2 5 9 2 5 2 9 5 5 5 2 5 9 2 5 2 9 5 5 5 2 5 5 9 2 5 2 9 5 5 5 2 5 9 2 5 2 9 5 5 5 2 5 9 2 5 2 9 5 5 5 2 5 9 2 5 2 9 5 5 5 2 5 9 2 5 2 9 5 5 5 2
5 9 2 5 2 9 5 5 5 2 5 9 2 5 2 9 5 5 5 2 5 9 2 5 2 9 5 5 5 2 5 9 2 5 2 9 5 5 5 2 5 9 2 5 2 9 5 5 5 2 5 9 2 5 2 9 5 5 5 2 5 9 2 5 2 9 5 5 5 2 5 9 2 5 2 9 5 5 5 2 5 9 2 5 2 9 5 5 5 2 5 9 2 5 2 9 5 5 5 2
2 5 2 9 5 5 5 2 5 9 2 5 2 9 5 5 5 2 5 9 2 5 2 9 5 5 5 2 5 9 2 5 2 9 5 5 5 2 5 9 2 5 2 9 5 5 5 2 3 4 2 5 2 9 5 5 5 2 5 9 2 5 2 9 5 5 5 2 5 9 2 5 2 9 5 5 5 2 5 9 2 5 2 9 5 5 5 2 5 9 2 5 2 9 5 5 5 2 3 4
9 2 5 2 9 5 5 5 2 5 9 2 5 2 9 5 5 5 2 5 9 2 5 2 9 5 5 5 2 5 9 2 5 2 9 5 5 5 2 5 9 2 5 2 9 5 5 5 2 5 5 9 2 5 2 9 5 5 5 2 5 9 2 5 2 9 5 5 5 2 5 9 2 5 2 9 5 5 5 2 5 9 2 5 2 9 5 5 5 2 5 9 2 5 2 9 5 5 5 2
5 9 2 5 2 9 5 5 5 2 5 9 2 5 2 9 5 5 5 2 5 9 2 5 2 9 5 5 5 2 5 9 2 5 2 9 5 5 5 2 5 9 2 5 2 9 5 5 5 2 5 9 2 5 2 9 5 5 5 2 5 9 2 5 2 9 5 5 5 2 5 9 2 5 2 9 5 5 5 2 5 9 2 5 2 9 5 5 5 2 5 9 2 5 2 9 5 5 5 2
2 5 2 9 5 5 5 2 5 9 2 5 2 9 5 5 5 2 5 9 2 5 2 9 5 5 5 2 5 9 2 5 2 9 5 5 5 2 5 9 2 5 2 9 5 5 5 2 3 4 2 5 2 9 5 5 5 2 5 9 2 5 2 9 5 5 5 2 5 9 2 5 2 9 5 5 5 2 5 9 2 5 2 9 5 5 5 2 5 9 2 5 2 9 5 5 5 2 3 4
9 2 5 2 9 5 5 5 2 5 9 2 5 2 9 5 5 5 2 5 9 2 5 2 9 5 5 5 2 5 9 2 5 2 9 5 5 5 2 5 9 2 5 2 9 5 5 5 2 5 5 9 2 5 2 9 5 5 5 2 5 9 2 5 2 9 5 5 5 2 5 9 2 5 2 9 5 5 5 2 5 9 2 5 2 9 5 5 5 2 5 9 2 5 2 9 5 5 5 2
5 9 2 5 2 9 5 5 5 2 5 9 2 5 2 9 5 5 5 2 5 9 2 5 2 9 5 5 5 2 5 9 2 5 2 9 5 5 5 2 5 9 2 5 2 9 5 5 5 2 5 9 2 5 2 9 5 5 5 2 5 9 2 5 2 9 5 5 5 2 5 9 2 5 2 9 5 5 5 2 5 9 2 5 2 9 5 5 5 2 5 9 2 5 2 9 5 5 5 2
2 5 2 9 5 5 5 2 5 9 2 5 2 9 5 5 5 2 5 9 2 5 2 9 5 5 5 2 5 9 2 5 2 9 5 5 5 2 5 9 2 5 2 9 5 5 5 2 3 4 2 5 2 9 5 5 5 2 5 9 2 5 2 9 5 5 5 2 5 9 2 5 2 9 5 5 5 2 5 9 2 5 2 9 5 5 5 2 5 9 2 5 2 9 5 5 5 2 3 8
9 2 5 2 9 5 5 5 2 5 9 2 5 2 9 5 5 5 2 5 9 2 5 2 9 5 5 5 2 5 9 2 5 2 9 5 5 5 2 5 9 2 5 2 9 5 5 5 2 5 5 9 2 5 2 9 5 5 5 2 5 9 2 5 2 9 5 5 5 2 5 9 2 5 2 9 5 5 5 2 5 9 2 5 2 9 5 5 5 2 5 9 2 5 2 9 5 5 5 2
5 9 2 5 2 9 5 5 5 2 5 9 2 5 2 9 5 5 5 2 5 9 2 5 2 9 5 5 5 2 5 9 2 5 2 9 5 5 5 2 5 9 2 5 2 9 5 5 5 2 5 9 2 5 2 9 5 5 5 2 5 9 2 5 2 9 5 5 5 2 5 9 2 5 2 9 5 5 5 2 5 9 2 5 2 9 5 5 5 2 5 9 2 5 2 9 5 5 5 2
2 5 2 9 5 5 5 2 5 9 2 5 2 9 5 5 5 2 5 9 2 5 2 9 5 5 5 2 5 9 2 5 2 9 5 5 5 2 5 9 2 5 2 9 5 5 5 2 3 4 2 5 2 9 5 5 5 2 5 9 2 5 2 9 5 5 5 2 5 9 2 5 2 9 5 5 5 2 5 9 2 5 2 9 5 5 5 2 5 9 2 5 2 9 5 5 5 2 3 4
9 2 5 2 9 5 5 5 2 5 9 2 5 2 9 5 5 5 2 5 9 2 5 2 9 5 5 5 2 5 9 2 5 2 9 5 5 5 2 5 9 2 5 2 9 5 5 5 2 5 5 9 2 5 2 9 5 5 5 2 5 9 2 5 2 9 5 5 5 2 5 9 2 5 2 9 5 5 5 2 5 9 2 5 2 9 5 5 5 2 5 9 2 5 2 9 5 5 5 2
5 9 2 5 2 9 5 5 5 2 5 9 2 5 2 9 5 5 5 2 5 9 2 5 2 9 5 5 5 2 5 9 2 5 2 9 5 5 5 2 5 9 2 5 2 9 5 5 5 2 5 9 2 5 2 9 5 5 5 2 5 9 2 5 2 9 5 5 5 2 5 9 2 5 2 9 5 5 5 2 5 9 2 5 2 9 5 5 5 2 5 9 2 5 2 9 5 5 5 2
2 5 2 9 5 5 5 2 5 9 2 5 2 9 5 5 5 2 5 9 2 5 2 9 5 5 5 2 5 9 2 5 2 9 5 5 5 2 5 9 2 5 2 9 5 5 5 2 3 4 2 5 2 9 5 5 5 2 5 9 2 5 2 9 5 5 5 2 5 9 2 5 2 9 5 5 5 2 5 9 2 5 2 9 5 5 5 2 5 9 2 5 2 9 5 5 5 2 3 4
9 2 5 2 9 5 5 5 2 5 9 2 5 2 9 5 5 5 2 5 9 2 5 2 9 5 5 5 2 5 9 2 5 2 9 5 5 5 2 5 9 2 5 2 9 5 5 5 2 5 5 9 2 5 2 9 5 5 5 2 5 9 2 5 2 9 5 5 5 2 5 9 2 5 2 9 5 5 5 2 5 9 2 5 2 9 5 5 5 2 5 9 2 5 2 9 5 5 5 2
5 9 2 5 2 9 5 5 5 2 5 9 2 5 2 9 5 5 5 2 5 9 2 5 2 9 5 5 5 2 5 9 2 5 2 9 5 5 5 2 5 9 2 5 2 9 5 5 5 2 5 9 2 5 2 9 5 5 5 2 5 9 2 5 2 9 5 5 5 2 5 9 2 5 2 9 5 5 5 2 5 9 2 5 2 9 5 5 5 2 5 9 2 5 2 9 5 5 5 2
2 5 2 9 5 5 5 2 5 9 2 5 2 9 5 5 5 2 5 9 2 5 2 9 5 5 5 2 5 9 2 5 2 9 5 5 5 2 5 9 2 5 2 9 5 5 5 2 3 4 2 5 2 9 5 5 5 2 5 9 2 5 2 9 5 5 5 2 5 9 2 5 2 9 5 5 5 2 5 9 2 5 2 9 5 5 5 2 5 9 2 5 2 9 5 5 5 2 3 4
9 2 5 2 9 5 5 5 2 5 9 2 5 2 9 5 5 5 2 5 9 2 5 2 9 5 5 5 2 5 9 2 5 2 9 5 5 5 2 5 9 2 5 2 9 5 5 5 2 5 5 9 2 5 2 9 5 5 5 2 5 9 2 5 2 9 5 5 5 2 5 9 2 5 2 9 5 5 5 2 5 9 2 5 2 9 5 5 5 2 5 9 2 5 2 9 5 5 5 2
5 9 2 5 2 9 5 5 5 2 5 9 2 5 2 9 5 5 5 2 5 9 2 5 2 9 5 5 5 2 5 9 2 5 2 9 5 5 5 2 5 9 2 5 2 9 5 5 5 2 5 9 2 5 2 9 5 5 5 2 5 9 2 5 2 9 5 5 5 2 5 9 2 5 2 9 5 5 5 2 5 9 2 5 2 9 5 5 5 2 5 9 2 5 2 9 5 5 5 2
2 5 2 9 5 5 5 2 5 9 2 5 2 9 5 5 5 2 5 9 2 5 2 9 5 5 5 2 5 9 2 5 2 9 5 5 5 2 5 9 2 5 2 9 5 5 5 2 3 4 2 5 2 9 5 5 5 2 5 9 2 5 2 9 5 5 5 2 5 9 2 5 2 9 5 5 5 2 5 9 2 5 2 9 5 5 5 2 5 9 2 5 2 9 5 5 5 2 3 4
9 2 5 2 9 5 5 5 2 5 9 2 5 2 9 5 5 5 2 5 9 2 5 2 9 5 5 5 2 5 9 2 5 2 9 5 5 5 2 5 9 2 5 2 9 5 5 5 2 5 5 9 2 5 2 9 5 5 5 2 5 9 2 5 2 9 5 5 5 2 5 9 2 5 2 9 5 5 5 2 5 9 2 5 2 9 5 5 5 2 5 9 2 5 2 9 5 5 5 2
5 9 2 5 2 9 5 5 5 2 5 9 2 5 2 9 5 5 5 2 5 9 2 5 2 9 5 5 5 2 5 9 2 5 2 9 5 5 5 2 5 9 2 5 2 9 5 5 5 2 5 9 2 5 2 9 5 5 5 2 5 9 2 5 2 9 5 5 5 2 5 9 2 5 2 9 5 5 5 2 5 9 2 5 2 9 5 5 5 2 5 9 2 5 2 9 5 5 5 2
2 5 2 9 5 5 5 2 5 9 2 5 2 9 5 5 5 2 5 9 2 5 2 9 5 5 5 2 5 9 2 5 2 9 5 5 5 2 5 9 2 5 2 9 5 5 5 2 3 4 2 5 2 9 5 5 5 2 5 9 2 5 2 9 5 5 5 2 5 9 2 5 2 9 5 5 5 2 5 9 2 5 2 9 5 5 5 2 5 9 2 5 2 9 5 5 5 2 3 4
9 2 5 2 9 5 5 5 2 5 9 2 5 2 9 5 5 5 2 5 9 2 5 2 9 5 5 5 2 5 9 2 5 2 9 5 5 5 2 5 9 2 5 2 9 5 5 5 2 5 5 9 2 5 2 9 5 5 5 2 5 9 2 5 2 9 5 5 5 2 5 9 2 5 2 9 5 5 5 2 5 9 2 5 2 9 5 5 5 2 5 9 2 5 2 9 5 5 5 2
5 9 2 5 2 9 5 5 5 2 5 9 2 5 2 9 5 5 5 2 5 9 2 5 2 9 5 5 5 2 5 9 2 5 2 9 5 5 5 2 5 9 2 5 2 9 5 5 5 2 5 9 2 5 2 9 5 5 5 2 5 9 2 5 2 9 5 5 5 2 5 9 2 5 2 9 5 5 5 2 5 9 2 5 2 9 5 5 5 2 5 9 2 5 2 9 5 5 5 2
2 5 2 9 5 5 5 2 5 9 2 5 2 9 5 5 5 2 5 9 2 5 2 9 5 5 5 2 5 9 2 5 2 9 5 5 5 2 5 9 2 5 2 9 5 5 5 2 3 4 2 5 2 9 5 5 5 2 5 9 2 5 2 9 5 5 5 2 5 9 2 5 2 9 5 5 5 2 5 9 2 5 2 9 5 5 5 2 5 9 2 5 2 9 5 5 5 2 3 4
9 2 5 2 9 5 5 5 2 5 9 2 5 2 9 5 5 5 2 5 9 2 5 2 9 5 5 5 2 5 9 2 5 2 9 5 5 5 2 5 9 2 5 2 9 5 5 5 2 5 5 9 2 5 2 9 5 5 5 2 5 9 2 5 2 9 5 5 5 2 5 9 2 5 2 9 5 5 5 2 5 9 2 5 2 9 5 5 5 2 5 9 2 5 2 9 5 5 5 2
5 9 2 5 2 9 5 5 5 2 5 9 2 5 2 9 5 5 5 2 5 9 2 5 2 9 5 5 5 2 5 9 2 5 2 9 5 5 5 2 5 9 2 5 2 9 5 5 5 2 5 9 2 5 2 9 5 5 5 2 5 9 2 5 2 9 5 5 5 2 5 9 2 5 2 9 5 5 5 2 5 9 2 5 2 9 5 5 5 2 5 9 2 5 2 9 5 5 5 2
2 5 2 9 5 5 5 2 5 9 2 5 2 9 5 5 5 2 5 9 2 5 2 9 5 5 5 2 5 9 2 5 2 9 5 5 5 2 5 9 2 5 2 9 5 5 5 2 3 4 2 5 2 9 5 5 5 2 5 9 2 5 2 9 5 5 5 2 5 9 2 5 2 9 5 5 5 2 5 9 2 5 2 9 5 5 5 2 5 9 2 5 2 9 5 5 5 2 3 4
9 2 5 2 9 5 5 5 2 5 9 2 5 2 9 5 5 5 2 5 9 2 5 2 9 5 5 5 2 5 9 2 5 2 9 5 5 5 2 5 9 2 5 2 9 5 5 5 2 5 5 9 2 5 2 9 5 5 5 2 5 9 2 5 2 9 5 5 5 2 5 9 2 5 2 9 5 5 5 2 5 9 2 5 2 9 5 5 5 2 5 9 2 5 2 9 5 5 5 2
5 9 2 5 2 9 5 5 5 2 5 9 2 5 2 9 5 5 5 2 5 9 2 5 2 9 5 5 5 2 5 9 2 5 2 9 5 5 5 2 5 9 2 5 2 9 5 5 5 2 5 9 2 5 2 9 5 5 5 2 5 9 2 5 2 9 5 5 5 2 5 9 2 5 2 9 5 5 5 2 5 9 2 5 2 9 5 5 5 2 5 9 2 5 2 9 5 5 5 2
2 5 2 9 5 5 5 2 5 9 2 5 2 9 5 5 5 2 5 9 2 5 2 9 5 5 5 2 5 9 2 5 2 9 5 5 5 2 5 9 2 5 2 9 5 5 5 2 3 4 2 5 2 9 5 5 5 2 5 9 2 5 2 9 5 5 5 2 5 9 2 5 2 9 5 5 5 2 5 9 2 5 2 9 5 5 5 2 5 9 2 5 2 9 5 5 5 2 3 8
9 2 5 2 9 5 5 5 2 5 9 2 5 2 9 5 5 5 2 5 9 2 5 2 9 5 5 5 2 5 9 2 5 2 9 5 5 5 2 5 9 2 5 2 9 5 5 5 2 5 5 9 2 5 2 9 5 5 5 2 5 9 2 5 2 9 5 5 5 2 5 9 2 5 2 9 5 5 5 2 5 9 2 5 2 9 5 5 5 2 5 9 2 5 2 9 5 5 5 2
5 9 2 5 2 9 5 5 5 2 5 9 2 5 2 9 5 5 5 2 5 9 2 5 2 9 5 5 5 2 5 9 2 5 2 9 5 5 5 2 5 9 2 5 2 9 5 5 5 2 5 9 2 5 2 9 5 5 5 2 5 9 2 5 2 9 5 5 5 2 5 9 2 5 2 9 5 5 5 2 5 9 2 5 2 9 5 5 5 2 5 9 2 5 2 9 5 5 5 2
2 5 2 9 5 5 5 2 5 9 2 5 2 9 5 5 5 2 5 9 2 5 2 9 5 5 5 2 5 9 2 5 2 9 5 5 5 2 5 9 2 5 2 9 5 5 5 2 3 4 2 5 2 9 5 5 5 2 5 9 2 5 2 9 5 5 5 2 5 9 2 5 2 9 5 5 5 2 5 9 2 5 2 9 5 5 5 2 5 9 2 5 2 9 5 5 5 2 3 4
9 2 5 2 9 5 5 5 2 5 9 2 5 2 9 5 5 5 2 5 9 2 5 2 9 5 5 5 2 5 9 2 5 2 9 5 5 5 2 5 9 2 5 2 9 5 5 5 2 5 5 9 2 5 2 9 5 5 5 2 5 9 2 5 2 9 5 5 5 2 5 9 2 5 2 9 5 5 5 2 5 9 2 5 2 9 5 5 5 2 5 9 2 5 2 9 5 5 5 2
5 9 2 5 2 9 5 5 5 2 5 9 2 5 2 9 5 5 5 2 5 9 2 5 2 9 5 5 5 2 5 9 2 5 2 9 5 5 5 2 5 9 2 5 2 9 5 5 5 2 5 9 2 5 2 9 5 5 5 2 5 9 2 5 2 9 5 5 5 2 5 9 2 5 2 9 5 5 5 2 5 9 2 5 2 9 5 5 5 2 5 9 2 5 2 9 5 5 5 2
2 5 2 9 5 5 5 2 5 9 2 5 2 9 5 5 5 2 5 9 2 5 2 9 5 5 5 2 5 9 2 5 2 9 5 5 5 2 5 9 2 5 2 9 5 5 5 2 3 4 2 5 2 9 5 5 5 2 5 9 2 5 2 9 5 5 5 2 5 9 2 5 2 9 5 5 5 2 5 9 2 5 2 9 5 5 5 2 5 9 2 5 2 9 5 5 5 2 3 4
9 2 5 2 9 5 5 5 2 5 9 2 5 2 9 5 5 5 2 5 9 2 5 2 9 5 5 5 2 5 9 2 5 2 9 5 5 5 2 5 9 2 5 2 9 5 5 5 2 5 5 9 2 5 2 9 5 5 5 2 5 9 2 5 2 9 5 5 5 2 5 9 2 5 2 9 5 5 5 2 5 9 2 5 2 9 5 5 5 2 5 9 2 5 2 9 5 5 5 2
5 9 2 5 2 9 5 5 5 2 5 9 2 5 2 9 5 5 5 2 5 9 2 5 2 9 5 5 5 2 5 9 2 5 2 9 5 5 5 2 5 9 2 5 2 9 5 5 5 2 5 9 2 5 2 9 5 5 5 2 5 9 2 5 2 9 5 5 5 2 5 9 2 5 2 9 5 5 5 2 5 9 2 5 2 9 5 5 5 2 5 9 2 5 2 9 5 5 5 2
2 5 2 9 5 5 5 2 5 9 2 5 2 9 5 5 5 2 5 9 2 5 2 9 5 5 5 2 5 9 2 5 2 9 5 5 5 2 5 9 2 5 2 9 5 5 5 2 3 4 2 5 2 9 5 5 5 2 5 9 2 5 2 9 5 5 5 2 5 9 2 5 2 9 5 5 5 2 5 9 2 5 2 9 5 5 5 2 5 9 2 5 2 9 5 5 5 2 3 4
9 2 5 2 9 5 5 5 2 5 9 2 5 2 9 5 5 5 2 5 9 2 5 2 9 5 5 5 2 5 9 2 5 2 9 5 5 5 2 5 9 2 5 2 9 5 5 5 2 5 5 9 2 5 2 9 5 5 5 2 5 9 2 5 2 9 5 5 5 2 5 9 2 5 2 9 5 5 5 2 5 9 2 5 2 9 5 5 5 2 5 9 2 5 2 9 5 5 5 2
5 9 2 5 2 9 5 5 5 2 5 9 2 5 2 9 5 5 5 2 5 9 2 5 2 9 5 5 5 2 5 9 2 5 2 9 5 5 5 2 5 9 2 5 2 9 5 5 5 2 5 9 2 5 2 9 5 5 5 2 5 9 2 5 2 9 5 5 5 2 5 9 2 5 2 9 5 5 5 2 5 9 2 5 2 9 5 5 5 2 5 9 2 5 2 9 5 5 5 2
2 5 2 9 5 5 5 2 5 9 2 5 2 9 5 5 5 2 5 9 2 5 2 9 5 5 5 2 5 9 2 5 2 9 5 5 5 2 5 9 2 5 2 9 5 5 5 2 3 4 2 5 2 9 5 5 5 2 5 9 2 5 2 9 5 5 5 2 5 9 2 5 2 9 5 5 5 2 5 9 2 5 2 9 5 5 5 2 5 9 2 5 2 9 5 5 5 2 3 4
9 2 5 2 9 5 5 5 2 5 9 2 5 2 9 5 5 5 2 5 9 2 5 2 9 5 5 5 2 5 9 2 5 2 9 5 5 5 2 5 9 2 5 2 9 5 5 5 2 5 5 9 2 5 2 9 5 5 5 2 5 9 2 5 2 9 5 5 5 2 5 9 2 5 2 9 5 5 5 2 5 9 2 5 2 9 5 5 5 2 5 9 2 5 2 9 5 5 5 2
5 9 2 5 2 9 5 5 5 2 5 9 2 5 2 9 5 5 5 2 5 9 2 5 2 9 5 5 5 2 5 9 2 5 2 9 5 5 5 2 5 9 2 5 2 9 5 5 5 2 5 9 2 5 2 9 5 5 5 2 5 9 2 5 2 9 5 5 5 2 5 9 2 5 2 9 5 5 5 2 5 9 2 5 2 9 5 5 5 2 5 9 2 5 2 9 5 5 5 2
2 5 2 9 5 5 5 2 5 9 2 5 2 9 5 5 5 2 5 9 2 5 2 9 5 5 5 2 5 9 2 5 2 9 5 5 5 2 5 9 2 5 2 9 5 5 5 2 3 4 2 5 2 9 5 5 5 2 5 9 2 5 2 9 5 5 5 2 5 9 2 5 2 9 5 5 5 2 5 9 2 5 2 9 5 5 5 2 5 9 2 5 2 9 5 5 5 2 3 4
9 2 5 2 9 5 5 5 2 5 9 2 5 2 9 5 5 5 2 5 9 2 5 2 9 5 5 5 2 5 9 2 5 2 9 5 5 5 2 5 9 2 5 2 9 5 5 5 2 5 5 9 2 5 2 9 5 5 5 2 5 9 2 5 2 9 5 5 5 2 5 9 2 5 2 9 5 5 5 2 5 9 2 5 2 9 5 5 5 2 5 9 2 5 2 9 5 5 5 2
5 9 2 5 2 9 5 5 5 2 5 9 2 5 2 9 5 5 5 2 5 9 2 5 2 9 5 5 5 2 5 9 2 5 2 9 5 5 5 2 5 9 2 5 2 9 5 5 5 2 5 9 2 5 2 9 5 5 5 2 5 9 2 5 2 9 5 5 5 2 5 9 2 5 2 9 5 5 5 2 5 9 2 5 2 9 5 5 5 2 5 9 2 5 2 9 5 5 5 2
2 5 2 9 5 5 5 2 5 9 2 5 2 9 5 5 5 2 5 9 2 5 2 9 5 5 5 2 5 9 2 5 2 9 5 5 5 2 5 9 2 5 2 9 5 5 5 2 3 4 2 5 2 9 5 5 5 2 5 9 2 5 2 9 5 5 5 2 5 9 2 5 2 9 5 5 5 2 5 9 2 5 2 9 5 5 5 2 5 9 2 5 2 9 5 5 5 2 3 4
9 2 5 2 9 5 5 5 2 5 9 2 5 2 9 5 5 5 2 5 9 2 5 2 9 5 5 5 2 5 9 2 5 2 9 5 5 5 2 5 9 2 5 2 9 5 5 5 2 5 5 9 2 5 2 9 5 5 5 2 5 9 2 5 2 9 5 5 5 2 5 9 2 5 2 9 5 5 5 2 5 9 2 5 2 9 5 5 5 2 5 9 2 5 2 9 5 5 5 2
5 9 2 5 2 9 5 5 5 2 5 9 2 5 2 9 5 5 5 2 5 9 2 5 2 9 5 5 5 2 5 9 2 5 2 9 5 5 5 2 5 9 2 5 2 9 5 5 5 2 5 9 2 5 2 9 5 5 5 2 5 9 2 5 2 9 5 5 5 2 5 9 2 5 2 9 5 5 5 2 5 9 2 5 2 9 5 5 5 2 5 9 2 5 2 9 5 5 5 2
2 5 2 9 5 5 5 2 5 9 2 5 2 9 5 5 5 2 5 9 2 5 2 9 5 5 5 2 5 9 2 5 2 9 5 5 5 2 5 9 2 5 2 9 5 5 5 2 3 4 2 5 2 9 5 5 5 2 5 9 2 5 2 9 5 5 5 2 5 9 2 5 2 9 5 5 5 2 5 9 2 5 2 9 5 5 5 2 5 9 2 5 2 9 5 5 5 2 3 4
9 2 5 2 9 5 5 5 2 5 9 2 5 2 9 5 5 5 2 5 9 2 5 2 9 5 5 5 2 5 9 2 5 2 9 5 5 5 2 5 9 2 5 2 9 5 5 5 2 5 5 9 2 5 2 9 5 5 5 2 5 9 2 5 2 9 5 5 5 2 5 9 2 5 2 9 5 5 5 2 5 9 2 5 2 9 5 5 5 2 5 9 2 5 2 9 5 5 5 2
5 9 2 5 2 9 5 5 5 2 5 9 2 5 2 9 5 5 5 2 5 9 2 5 2 9 5 5 5 2 5 9 2 5 2 9 5 5 5 2 5 9 2 5 2 9 5 5 5 2 5 9 2 5 2 9 5 5 5 2 5 9 2 5 2 9 5 5 5 2 5 9 2 5 2 9 5 5 5 2 5 9 2 5 2 9 5 5 5 2 5 9 2 5 2 9 5 5 5 2
2 5 2 9 5 5 5 2 5 9 2 5 2 9 5 5 5 2 5 9 2 5 2 9 5 5 5 2 5 9 2 5 2 9 5 5 5 2 5 9 2 5 2 9 5 5 5 2 3 4 2 5 2 9 5 5 5 2 5 9 2 5 2 9 5 5 5 2 5 9 2 5 2 9 5 5 5 2 5 9 2 5 2 9 5 5 5 2 5 9 2 5 2 9 5 5 5 2 3 8
9 2 5 2 9 5 5 5 2 5 9 2 5 2 9 5 5 5 2 5 9 2 5 2 9 5 5 5 2 5 9 2 5 2 9 5 5 5 2 5 9 2 5 2 9 5 5 5 2 5 5 9 2 5 2 9 5 5 5 2 5 9 2 5 2 9 5 5 5 2 5 9 2 5 2 9 5 5 5 2 5 9 2 5 2 9 5 5 5 2 5 9 2 5 2 9 5 5 5 2
5 9 2 5 2 9 5 5 5 2 5 9 2 5 2 9 5 5 5 2 5 9 2 5 2 9 5 5 5 2 5 9 2 5 2 9 5 5 5 2 5 9 2 5 2 9 5 5 5 2 5 9 2 5 2 9 5 5 5 2 5 9 2 5 2 9 5 5 5 2 5 9 2 5 2 9 5 5 5 2 5 9 2 5 2 9 5 5 5 2 5 9 2 5 2 9 5 5 5 2
2 5 2 9 5 5 5 2 5 9 2 5 2 9 5 5 5 2 5 9 2 5 2 9 5 5 5 2 5 9 2 5 2 9 5 5 5 2 5 9 2 5 2 9 5 5 5 2 3 4 2 5 2 9 5 5 5 2 5 9 2 5 2 9 5 5 5 2 5 9 2 5 2 9 5 5 5 2 5 9 2 5 2 9 5 5 5 2 5 9 2 5 2 9 5 5 5 2 3 4
9 2 5 2 9 5 5 5 2 5 9 2 5 2 9 5 5 5 2 5 9 2 5 2 9 5 5 5 2 5 9 2 5 2 9 5 5 5 2 5 9 2 5 2 9 5 5 5 2 5 5 9 2 5 2 9 5 5 5 2 5 9 2 5 2 9 5 5 5 2 5 9 2 5 2 9 5 5 5 2 5 9 2 5 2 9 5 5 5 2 5 9 2 5 2 9 5 5 5 2
5 9 2 5 2 9 5 5 5 2 5 9 2 5 2 9 5 5 5 2 5 9 2 5 2 9 5 5 5 2 5 9 2 5 2 9 5 5 5 2 5 9 2 5 2 9 5 5 5 2 5 9 2 5 2 9 5 5 5 2 5 9 2 5 2 9 5 5 5 2 5 9 2 5 2 9 5 5 5 2 5 9 2 5 2 9 5 5 5 2 5 9 2 5 2 9 5 5 5 2
2 5 2 9 5 5 5 2 5 9 2 5 2 9 5 5 5 2 5 9 2 5 2 9 5 5 5 2 5 9 2 5 2 9 5 5 5 2 5 9 2 5 2 9 5 5 5 2 3 4 2 5 2 9 5 5 5 2 5 9 2 5 2 9 5 5 5 2 5 9 2 5 2 9 5 5 5 2 5 9 2 5 2 9 5 5 5 2 5 9 2 5 2 9 5 5 5 2 3 4
9 2 5 2 9 5 5 5 2 5 9 2 5 2 9 5 5 5 2 5 9 2 5 2 9 5 5 5 2 5 9 2 5 2 9 5 5 5 2 5 9 2 5 2 9 5 5 5 2 5 5 9 2 5 2 9 5 5 5 2 5 9 2 5 2 9 5 5 5 2 5 9 2 5 2 9 5 5 5 2 5 9 2 5 2 9 5 5 5 2 5 9 2 5 2 9 5 5 5 2
5 9 2 5 2 9 5 5 5 2 5 9 2 5 2 9 5 5 5 2 5 9 2 5 2 9 5 5 5 2 5 9 2 5 2 9 5 5 5 2 5 9 2 5 2 9 5 5 5 2 5 9 2 5 2 9 5 5 5 2 5 9 2 5 2 9 5 5 5 2 5 9 2 5 2 9 5 5 5 2 5 9 2 5 2 9 5 5 5 2 5 9 2 5 2 9 5 5 5 2
2 5 2 9 5 5 5 2 5 9 2 5 2 9 5 5 5 2 5 9 2 5 2 9 5 5 5 2 5 9 2 5 2 9 5 5 5 2 5 9 2 5 2 9 5 5 5 2 3 4 2 5 2 9 5 5 5 2 5 9 2 5 2 9 5 5 5 2 5 9 2 5 2 9 5 5 5 2 5 9 2 5 2 9 5 5 5 2 5 9 2 5 2 9 5 5 5 2 3 4
9 2 5 2 9 5 5 5 2 5 9 2 5 2 9 5 5 5 2 5 9 2 5 2 9 5 5 5 2 5 9 2 5 2 9 5 5 5 2 5 9 2 5 2 9 5 5 5 2 5 5 9 2 5 2 9 5 5 5 2 5 9 2 5 2 9 5 5 5 2 5 9 2 5 2 9 5 5 5 2 5 9 2 5 2 9 5 5 5 2 5 9 2 5 2 9 5 5 5 2
5 9 2 5 2 9 5 5 5 2 5 9 2 5 2 9 5 5 5 2 5 9 2 5 2 9 5 5 5 2 5 9 2 5 2 9 5 5 5 2 5 9 2 5 2 9 5 5 5 2 5 9 2 5 2 9 5 5 5 2 5 9 2 5 2 9 5 5 5 2 5 9 2 5 2 9 5 5 5 2 5 9 2 5 2 9 5 5 5 2 5 9 2 5 2 9 5 5 5 2
2 5 2 9 5 5 5 2 5 9 2 5 2 9 5 5 5 2 5 9 2 5 2 9 5 5 5 2 5 9 2 5 2 9 5 5 5 2 5 9 2 5 2 9 5 5 5 2 3 4 2 5 2 9 5 5 5 2 5 9 2 5 2 9 5 5 5 2 5 9 2 5 2 9 5 5 5 2 5 9 2 5 2 9 5 5 5 2 5 9 2 5 2 9 5 5 5 2 3 4
9 2 5 2 9 5 5 5 2 5 9 2 5 2 9 5 5 5 2 5 9 2 5 2 9 5 5 5 2 5 9 2 5 2 9 5 5 5 2 5 9 2 5 2 9 5 5 5 2 5 5 9 2 5 2 9 5 5 5 2 5 9 2 5 2 9 5 5 5 2 5 9 2 5 2 9 5 5 5 2 5 9 2 5 2 9 5 5 5 2 5 9 2 5 2 9 5 5 5 2
5 9 2 5 2 9 5 5 5 2 5 9 2 5 2 9 5 5 5 2 5 9 2 5 2 9 5 5 5 2 5 9 2 5 2 9 5 5 5 2 5 9 2 5 2 9 5 5 5 2 5 9 2 5 2 9 5 5 5 2 5 9 2 5 2 9 5 5 5 2 5 9 2 5 2 9 5 5 5 2 5 9 2 5 2 9 5 5 5 2 5 9 2 5 2 9 5 5 5 2
2 5 2 9 5 5 5 2 5 9 2 5 2 9 5 5 5 2 5 9 2 5 2 9 5 5 5 2 5 9 2 5 2 9 5 5 5 2 5 9 2 5 2 9 5 5 5 2 3 4 2 5 2 9 5 5 5 2 5 9 2 5 2 9 5 5 5 2 5 9 2 5 2 9 5 5 5 2 5 9 2 5 2 9 5 5 5 2 5 9 2 5 2 9 5 5 5 2 3 4
9 2 5 2 9 5 5 5 2 5 9 2 5 2 9 5 5 5 2 5 9 2 5 2 9 5 5 5 2 5 9 2 5 2 9 5 5 5 2 5 9 2 5 2 9 5 5 5 2 5 5 9 2 5 2 9 5 5 5 2 5 9 2 5 2 9 5 5 5 2 5 9 2 5 2 9 5 5 5 2 5 9 2 5 2 9 5 5 5 2 5 9 2 5 2 9 5 5 5 2
5 9 2 5 2 9 5 5 5 2 5 9 2 5 2 9 5 5 5 2 5 9 2 5 2 9 5 5 5 2 5 9 2 5 2 9 5 5 5 2 5 9 2 5 2 9 5 5 5 2 5 9 2 5 2 9 5 5 5 2 5 9 2 5 2 9 5 5 5 2 5 9 2 5 2 9 5 5 5 2 5 9 2 5 2 9 5 5 5 2 5 9 2 5 2 9 5 5 5 2
2 5 2 9 5 5 5 2 5 9 2 5 2 9 5 5 5 2 5 9 2 5 2 9 5 5 5 2 5 9 2 5 2 9 5 5 5 2 5 9 2 5 2 9 5 5 5 2 3 4 2 5 2 9 5 5 5 2 5 9 2 5 2 9 5 5 5 2 5 9 2 5 2 9 5 5 5 2 5 9 2 5 2 9 5 5 5 2 5 9 2 5 2 9 5 5 5 2 3 4
9 2 5 2 9 5 5 5 2 5 9 2 5 2 9 5 5 5 2 5 9 2 5 2 9 5 5 5 2 5 9 2 5 2 9 5 5 5 2 5 9 2 5 2 9 5 5 5 2 5 5 9 2 5 2 9 5 5 5 2 5 9 2 5 2 9 5 5 5 2 5 9 2 5 2 9 5 5 5 2 5 9 2 5 2 9 5 5 5 2 5 9 2 5 2 9 5 5 5 2
5 9 2 5 2 9 5 5 5 2 5 9 2 5 2 9 5 5 5 2 5 9 2 5 2 9 5 5 5 2 5 9 2 5 2 9 5 5 5 2 5 9 2 5 2 9 5 5 5 2 5 9 2 5 2 9 5 5 5 2 5 9 2 5 2 9 5 5 5 2 5 9 2 5 2 9 5 5 5 2 5 9 2 5 2 9 5 5 5 2 5 9 2 5 2 9 5 5 5 2
2 5 2 9 5 5 5 2 5 9 2 5 2 9 5 5 5 2 5 9 2 5 2 9 5 5 5 2 5 9 2 5 2 9 5 5 5 2 5 9 2 5 2 9 5 5 5 2 3 4 2 5 2 9 5 5 5 2 5 9 2 5 2 9 5 5 5 2 5 9 2 5 2 9 5 5 5 2 5 9 2 5 2 9 5 5 5 2 5 9 2 5 2 9 5 5 5 2 3 4
9 2 5 2 9 5 5 5 2 5 9 2 5 2 9 5 5 5 2 5 9 2 5 2 9 5 5 5 2 5 9 2 5 2 9 5 5 5 2 5 9 2 5 2 9 5 5 5 2 5 5 9 2 5 2 9 5 5 5 2 5 9 2 5 2 9 5 5 5 2 5 9 2 5 2 9 5 5 5 2 5 9 2 5 2 9 5 5 5 2 5 9 2 5 2 9 5 5 5 2
5 9 2 5 2 9 5 5 5 2 5 9 2 5 2 9 5 5 5 2 5 9 2 5 2 9 5 5 5 2 5 9 2 5 2 9 5 5 5 2 5 9 2 5 2 9 5 5 5 2 5 9 2 5 2 9 5 5 5 2 5 9 2 5 2 9 5 5 5 2 5 9 2 5 2 9 5 5 5 2 5 9 2 5 2 9 5 5 5 2 5 9 2 5 2 9 5 5 5 2
2 5 2 9 5 5 5 2 5 9 2 5 2 9 5 5 5 2 5 9 2 5 2 9 5 5 5 2 5 9 2 5 2 9 5 5 5 2 5 9 2 5 2 9 5 5 5 2 3 4 2 5 2 9 5 5 5 2 5 9 2 5 2 9 5 5 5 2 5 9 2 5 2 9 5 5 5 2 5 9 2 5 2 9 5 5 5 2 5 9 2 5 2 9 5 5 5 2 3 8
9 2 5 2 9 5 5 5 2 5 9 2 5 2 9 5 5 5 2 5 9 2 5 2 9 5 5 5 2 5 9 2 5 2 9 5 5 5 2 5 9 2 5 2 9 5 5 5 2 5 5 9 2 5 2 9 5 5 5 2 5 9 2 5 2 9 5 5 5 2 5 9 2 5 2 9 5 5 5 2 5 9 2 5 2 9 5 5 5 2 5 9 2 5 2 9 5 5 5 2
5 9 2 5 2 9 5 5 5 2 5 9 2 5 2 9 5 5 5 2 5 9 2 5 2 9 5 5 5 2 5 9 2 5 2 9 5 5 5 2 5 9 2 5 2 9 5 5 5 2 5 9 2 5 2 9 5 5 5 2 5 9 2 5 2 9 5 5 5 2 5 9 2 5 2 9 5 5 5 2 5 9 2 5 2 9 5 5 5 2 5 9 2 5 2 9 5 5 5 2
2 5 2 9 5 5 5 2 5 9 2 5 2 9 5 5 5 2 5 9 2 5 2 9 5 5 5 2 5 9 2 5 2 9 5 5 5 2 5 9 2 5 2 9 5 5 5 2 3 4 2 5 2 9 5 5 5 2 5 9 2 5 2 9 5 5 5 2 5 9 2 5 2 9 5 5 5 2 5 9 2 5 2 9 5 5 5 2 5 9 2 5 2 9 5 5 5 2 3 4
9 2 5 2 9 5 5 5 2 5 9 2 5 2 9 5 5 5 2 5 9 2 5 2 9 5 5 5 2 5 9 2 5 2 9 5 5 5 2 5 9 2 5 2 9 5 5 5 2 5 5 9 2 5 2 9 5 5 5 2 5 9 2 5 2 9 5 5 5 2 5 9 2 5 2 9 5 5 5 2 5 9 2 5 2 9 5 5 5 2 5 9 2 5 2 9 5 5 5 2
5 9 2 5 2 9 5 5 5 2 5 9 2 5 2 9 5 5 5 2 5 9 2 5 2 9 5 5 5 2 5 9 2 5 2 9 5 5 5 2 5 9 2 5 2 9 5 5 5 2 5 9 2 5 2 9 5 5 5 2 5 9 2 5 2 9 5 5 5 2 5 9 2 5 2 9 5 5 5 2 5 9 2 5 2 9 5 5 5 2 5 9 2 5 2 9 5 5 5 2
2 5 2 9 5 5 5 2 5 9 2 5 2 9 5 5 5 2 5 9 2 5 2 9 5 5 5 2 5 9 2 5 2 9 5 5 5 2 5 9 2 5 2 9 5 5 5 2 3 4 2 5 2 9 5 5 5 2 5 9 2 5 2 9 5 5 5 2 5 9 2 5 2 9 5 5 5 2 5 9 2 5 2 9 5 5 5 2 5 9 2 5 2 9 5 5 5 2 3 4
2 5 2 9 5 5 5 2 5 9 2 5 2 9 5 5 5 2 5 9 2 5 2 9 5 5 5 2 5 9 2 5 2 9 5 5 5 2 5 9 2 5 2 9 5 5 5 2 3 4 2 5 2 9 5 5 5 2 5 9 2 5 2 9 5 5 5 2 5 9 2 5 2 9 5 5 5 2 5 9 2 5 2 9 5 5 5 2 5 9 2 5 2 9 5 5 5 2 3 4
